

D1.txt : 0.810930
D2.txt : 0.405465
D3.txt : 0.000000

